<?xml version="1.0" encoding="UTF-8" standalone="no" ?>
<SimscapeMultibodyImportXML version="2.0" xmlns="urn:mathworks:SimscapeMultibody:import" xmlns:xsi="http://www.w3.org/2001/XMLSchema-instance">
<Created by="" on="03/21/23||10:50:45" using="Simscape Multibody Link Version 7.4" from="SolidWorks 30.5.0"/>
<ModelUnits mass="kilogram" length="inch"/>
<DataUnits mass="kilogram" length="meter"/>
<RootAssembly name="Simulation_Top_Final" uid="Simulation_Top_Final" version="542">
<AssemblyFile name="Simulation_Top_Final.SLDASM" type="SolidWorks Assembly"/>
<InstanceTree>
<Instance name="frame_mount_sim-3" uid="frame_mount_sim-3" entityUid="frame_mount_sim*:*Default">
<Transform>
<Rotation>2.0990154059319363e-16 3.3881508709754358e-11 1 -0.99904822158185691 0.043619387365355873 -1.4776809511726169e-12 -0.043619387365355866 -0.99904822158185691 3.3849270176766897e-11</Rotation>
<Translation>-0.51141822302311091 -1.3179079916565895 0.11365815644365823</Translation>
</Transform>
</Instance>
<Instance name="frame_mount_sim-2" uid="frame_mount_sim-2" entityUid="frame_mount_sim*:*Default">
<Transform>
<Rotation>-6.8298608036002846e-15 -3.3881410931146478e-11 -0.99999999999999989 0.99904822158185691 0.043619387365356171 -1.4846793707883701e-12 0.043619387365356359 -0.99904822158185702 3.3848839322466546e-11</Rotation>
<Translation>0.20661822302309715 -1.4413275645992409 0.10828886663065522</Translation>
</Transform>
</Instance>
<Instance name="Sheet_Spindle_right-1" uid="Sheet_Spindle_right-1" entityUid="Sheet_Spindle_right*:*Default">
<Transform>
<Rotation>-0.047546936837374126 -0.0011705931059339647 -0.99886831890352956 0.99751274317858896 0.052037993998126336 -0.047543394672421802 0.052034757554056635 -0.99864441964716921 -0.0013065656735264716</Rotation>
<Translation>0.22993078598446956 -1.3640915176124075 -0.011688844264150023</Translation>
</Transform>
</Instance>
<Instance name="TieRod_Assem_sim-2" uid="TieRod_Assem_sim-2" entityUid="TieRod_Assem_sim*:*Default">
<Transform>
<Rotation>0.11028554765500298 -0.9735577100651821 0.20005619998159205 0.98409928122969559 0.078765781307576971 -0.15919973736851309 0.13923254885849307 0.21443259282964805 0.96676417003875448</Rotation>
<Translation>-0.51374208808193011 -1.2973037687743427 0.014386031404315408</Translation>
</Transform>
</Instance>
<Instance name="Upper-Cast-Assembly_sim-2" uid="Upper-Cast-Assembly_sim-2" entityUid="Upper-Cast-Assembly_sim*:*Default">
<Transform>
<Rotation>-2.7158722319675643e-15 0.96184698806476587 0.27358795944035713 -0.99904822158185702 0.011933739181323661 -0.041955176358598828 -0.043619387365356158 -0.27332756432509819 0.96093152285996974</Rotation>
<Translation>-0.47874481163034582 -1.4225092957781591 -0.10116391011996374</Translation>
</Transform>
</Instance>
<Instance name="OpStation_Top_Assy_Part-1" uid="OpStation_Top_Assy_Part-1" entityUid="OpStation_Top_Assy_Part*:*Default">
<Transform>
<Rotation>-1 -3.8420710182894183e-16 0 0 -1.1102230246251565e-16 -1 3.8420710182894183e-16 -1 1.1102230246251565e-16</Rotation>
<Translation>-0.15240000000000556 -0.80955974383951901 -0.29537671279593147</Translation>
</Transform>
</Instance>
<Instance name="Trans_Diff_Part-1" uid="Trans_Diff_Part-1" grounded="true" entityUid="Trans_Diff_Part*:*Default">
<Transform>
<Rotation>1 0 0 0 1 0 0 0 1</Rotation>
<Translation>0 0 0</Translation>
</Transform>
</Instance>
<Instance name="Frame_Assy_Part-1" uid="Frame_Assy_Part-1" entityUid="Frame_Assy_Part*:*Default">
<Transform>
<Rotation>0 1.3784623987367593e-16 0.99999999999999978 -0.99999999999999989 -1.6792123247455493e-15 0 1.6792123247455493e-15 -0.99999999999999989 1.3784623987367595e-16</Rotation>
<Translation>-0.034414060186404707 -0.90693729534060252 -0.093953888744049502</Translation>
</Transform>
</Instance>
<Instance name="SteeringCyliner-1" uid="SteeringCyliner-1" entityUid="SteeringCyliner*:*Default">
<Transform>
<Rotation>1.6653345369377348e-16 3.858025010572419e-15 1 -0.42562136296864161 -0.90490135118957327 3.5709282752982574e-15 0.90490135118957338 -0.42562136296864184 1.7208456881689926e-15</Rotation>
<Translation>-0.156082999999999 -1.3096773478129367 -0.026773175590214644</Translation>
</Transform>
</Instance>
<Instance name="Lower_A-Arm_Assembly_sim-1" uid="Lower_A-Arm_Assembly_sim-1" entityUid="Lower_A-Arm_Assembly_sim*:*Default">
<Transform>
<Rotation>1.736035360605613e-14 0.030668616184740229 0.99952960735603691 -0.99904822158185702 0.04359886912640553 -0.0013377462493042733 -0.043619387365355838 -0.99857827664746035 0.03063942645774205</Rotation>
<Translation>-0.2192090862414641 -1.5464371794458063 0.1660671705261253</Translation>
</Transform>
</Instance>
<Instance name="Lower_A-Arm_Assembly_sim-2" uid="Lower_A-Arm_Assembly_sim-2" entityUid="Lower_A-Arm_Assembly_sim*:*Default">
<Transform>
<Rotation>-1.688731619819972e-14 -0.19048620671623318 -0.98168987213419934 0.99904822158185691 0.042820710805267101 -0.0083088916385295822 0.043619387365357913 -0.98075552090059226 0.19030490605572603</Rotation>
<Translation>-0.067680447811661867 -1.2162709264408136 0.1354143151469285</Translation>
</Transform>
</Instance>
<Instance name="Upper-Cast-Assembly_sim-1" uid="Upper-Cast-Assembly_sim-1" entityUid="Upper-Cast-Assembly_sim*:*Default">
<Transform>
<Rotation>2.7504040711611267e-15 -0.99899086586751373 0.044913805375134293 -0.99904822158185691 0.0019591126747074547 0.043575369552727873 -0.043619387365356282 -0.044871057384501652 -0.99804004792145895</Rotation>
<Translation>0.17190430867764514 -1.4230748319101636 -0.088595069549577896</Translation>
</Transform>
</Instance>
<Instance name="TieRod_Assem_sim-1" uid="TieRod_Assem_sim-1" entityUid="TieRod_Assem_sim*:*Default">
<Transform>
<Rotation>0.086989320514438043 0.99559394692419134 -0.035007870034423932 -0.99369948244038053 0.084223717641170801 -0.073943924594388394 -0.070669630776993786 0.04121963409118385 0.99664775374814973</Rotation>
<Translation>0.20980014448290885 -1.2968781072987228 -0.013839640023099644</Translation>
</Transform>
</Instance>
<Instance name="cylinder_rod-3" uid="cylinder_rod-3" entityUid="cylinder_rod*:*Default">
<Transform>
<Rotation>1 7.1962178166714846e-15 8.3066973196460329e-15 8.2609865568745536e-15 -0.99067280078965647 -0.13626225367128514 7.2486462413565598e-15 0.13626225367128514 -0.99067280078965647</Rotation>
<Translation>0.033609386519736315 -1.2673666174954623 0.019356041158815559</Translation>
</Transform>
</Instance>
<Instance name="Cylinder-2" uid="Cylinder-2" entityUid="Cylinder">
<Transform>
<Rotation>-0.98758428450191627 -0.15709004107465979 6.804690003744257e-15 -0.0068521713528819084 0.043077821461625497 -0.99904822158185669 0.1569405261638594 -0.98664432309382999 -0.043619387365355512</Rotation>
<Translation>0.12431341898757474 -1.3705580325126239 -0.094517237256219869</Translation>
</Transform>
<Instance name="Rod-1" uid="Rod-1" entityUid="Rod*:*Default">
<Transform>
<Rotation>-1 0 1.3964523981613295e-16 0 -1 1.4571677198205177e-16 1.3964523981613295e-16 1.4571677198205177e-16 1</Rotation>
<Translation>0 0.10396457489325614 0</Translation>
</Transform>
</Instance>
<Instance name="Cylinder-1" uid="Cylinder-1" grounded="true" entityUid="Cylinder*:*Default">
<Transform>
<Rotation>1 0 0 0 1 0 0 0 1</Rotation>
<Translation>0 0 0</Translation>
</Transform>
</Instance>
</Instance>
<Instance name="right wheel-2" uid="right wheel-2" entityUid="right wheel*:*Default">
<Transform>
<Rotation>1 0 0 0 1 0 0 0 1</Rotation>
<Translation>0.29765454640302758 0.13605048777265907 -0.10245947799819598</Translation>
</Transform>
</Instance>
<Instance name="left wheel-2" uid="left wheel-2" entityUid="left wheel*:*Default">
<Transform>
<Rotation>1 0 0 0 1 0 0 0 1</Rotation>
<Translation>-0.60639749359697237 0.13605048777265666 -0.10245947799819961</Translation>
</Transform>
</Instance>
<Instance name="Cylinder-1" uid="Cylinder-1" entityUid="Cylinder">
<Transform>
<Rotation>-0.98720985557810403 0.1594261617472455 6.7289923633140347e-15 0.0069540715054183149 0.043061489101359235 -0.9990482215818568 -0.15927442336720735 -0.98627025054338657 -0.043619387365355679</Rotation>
<Translation>-0.4296103702576819 -1.3705545582112901 -0.094596811839501541</Translation>
</Transform>
<Instance name="Cylinder-1" uid="Cylinder-1" grounded="true" entityUid="Cylinder*:*Default">
<Transform>
<Rotation>1 0 0 0 1 0 0 0 1</Rotation>
<Translation>0 0 0</Translation>
</Transform>
</Instance>
<Instance name="Rod-1" uid="Rod-1" entityUid="Rod*:*Default">
<Transform>
<Rotation>-1 -6.6613381477509392e-16 0 6.9388939039072284e-16 -0.99999999999999989 0 0 0 0.99999999999999989</Rotation>
<Translation>0 0.088797379372650087 0</Translation>
</Transform>
</Instance>
</Instance>
<Instance name="18in Trailer Tire-1" uid="18in Trailer Tire-1" entityUid="18in Trailer Tire*:*Default">
<Transform>
<Rotation>-0.99985204470214517 -0.016920267967362405 0.0030972950863855397 -0.0014899083330337864 0.26457093438978341 0.96436507653962455 -0.017136769768502296 0.96421777893172533 -0.26455699936662375</Rotation>
<Translation>-0.6171202464769654 -1.3760529622740187 0.025319588985214091</Translation>
</Transform>
</Instance>
<Instance name="Sheet_Spindle_left-1" uid="Sheet_Spindle_left-1" entityUid="Sheet_Spindle_left*:*Default">
<Transform>
<Rotation>0.0022289014082498269 0.017056397727902458 0.99985204470214473 -0.99906459236498402 0.043217131507625954 0.0014899083330329097 -0.043185324834954977 -0.9989200963244258 0.017136769768519772</Rotation>
<Translation>-0.53158402674524563 -1.3858381069225147 0.018114379007184093</Translation>
</Transform>
</Instance>
<Instance name="18in Trailer Tire-2" uid="18in Trailer Tire-2" entityUid="18in Trailer Tire*:*Default">
<Transform>
<Rotation>-0.99886831890352956 -0.0089045986054020563 -0.04672033405824004 -0.047543394672421017 0.15995558071122376 0.98597861935356257 -0.0013065656735438244 0.98708404926987459 -0.16019791685015405</Rotation>
<Translation>0.31571798411069696 -1.3707126936388374 -0.0038897636586572248</Translation>
</Transform>
</Instance>
</InstanceTree>
<Constraints>
<Concentric name="Concentric1">
<ConstraintGeometry geomType="circle">
<InstancePath>
<Uid>Trans_Diff_Part-1</Uid>
</InstancePath>
<Position>0.012699999999999947 -0.19558000000000003 -0.034290000000000057</Position>
<Axis>-1 0 1.1102230246251568e-16</Axis>
</ConstraintGeometry>
<ConstraintGeometry geomType="cylinder">
<InstancePath>
<Uid>Frame_Assy_Part-1</Uid>
</InstancePath>
<Position>-0.71135729534060232 -0.05966388874405066 -0.094281174147532926</Position>
<Axis>0 0 0.99999999999999978</Axis>
</ConstraintGeometry>
</Concentric>
<Concentric name="Concentric2">
<ConstraintGeometry geomType="circle">
<InstancePath>
<Uid>Trans_Diff_Part-1</Uid>
</InstancePath>
<Position>0.012699999999999946 -0.27178000000000002 -0.034290000000000057</Position>
<Axis>-1 0 1.1102230246251568e-16</Axis>
</ConstraintGeometry>
<ConstraintGeometry geomType="cylinder">
<InstancePath>
<Uid>Frame_Assy_Part-1</Uid>
</InstancePath>
<Position>-0.63515729534060228 -0.059663888744050549 -0.094281174147532926</Position>
<Axis>0 0 0.99999999999999978</Axis>
</ConstraintGeometry>
</Concentric>
<Coincident name="Coincident1">
<ConstraintGeometry geomType="plane">
<InstancePath>
<Uid>Trans_Diff_Part-1</Uid>
</InstancePath>
<Position>-0.050800000000000019 0.23495000000000005 -0.21050250000000006</Position>
<Axis>-3.8420710182894207e-16 0 -1</Axis>
</ConstraintGeometry>
<ConstraintGeometry geomType="plane">
<InstancePath>
<Uid>OpStation_Top_Assy_Part-1</Uid>
</InstancePath>
<Position>-0.21272500000000549 -0.084874212795931631 -0.917509743839519</Position>
<Axis>0 -1 0</Axis>
</ConstraintGeometry>
</Coincident>
<Coincident name="Coincident2">
<ConstraintGeometry geomType="line">
<InstancePath>
<Uid>Trans_Diff_Part-1</Uid>
</InstancePath>
<Position>-0.24637999999999999 0.23495000000000005 -0.21050249999999998</Position>
<Axis>0.99999999999999989 0 -4.4300237735096166e-16</Axis>
</ConstraintGeometry>
<ConstraintGeometry geomType="plane">
<InstancePath>
<Uid>OpStation_Top_Assy_Part-1</Uid>
</InstancePath>
<Position>0.2174874999999945 -0.075349212795931653 -1.044509743839519</Position>
<Axis>0 0 -1</Axis>
</ConstraintGeometry>
</Coincident>
<Concentric name="Concentric24">
<ConstraintGeometry geomType="circle">
<InstancePath>
<Uid>Frame_Assy_Part-1</Uid>
</InstancePath>
<Position>0.42642375085253059 -0.085614552581252307 -0.22494533981359416</Position>
<Axis>-0.99647823953335557 0.083851762870581811 -3.3884770439441005e-15</Axis>
</ConstraintGeometry>
<ConstraintGeometry geomType="cylinder">
<InstancePath>
<Uid>SteeringCyliner-1</Uid>
</InstancePath>
<Position>-0.0029869432115811057 -0.037939537401781687 -0.10327639999999996</Position>
<Axis>0.49999999999999778 0.86602540378443971 0</Axis>
</ConstraintGeometry>
</Concentric>
<Concentric name="Concentric25">
<ConstraintGeometry geomType="circle">
<InstancePath>
<Uid>Frame_Assy_Part-1</Uid>
</InstancePath>
<Position>0.43106952876105931 -0.053123684192970852 -0.22494533981359416</Position>
<Axis>-0.99647823953335557 0.083851762870581811 -3.3884770439441005e-15</Axis>
</ConstraintGeometry>
<ConstraintGeometry geomType="circle">
<InstancePath>
<Uid>SteeringCyliner-1</Uid>
</InstancePath>
<Position>-0.020411094190200374 -0.0025870521755011477 -0.10327640000000002</Position>
<Axis>0.49999999999999789 0.86602540378443982 0</Axis>
</ConstraintGeometry>
</Concentric>
<Tangent name="Tangent3">
<ConstraintGeometry geomType="plane">
<InstancePath>
<Uid>Frame_Assy_Part-1</Uid>
</InstancePath>
<Position>0.42855936659738147 -0.060235305384822642 -0.11798593981359415</Position>
<Axis>-0.99647823953335557 0.083851762870581811 -3.3884770439441005e-15</Axis>
</ConstraintGeometry>
<ConstraintGeometry geomType="cylinder">
<InstancePath>
<Uid>SteeringCyliner-1</Uid>
</InstancePath>
<Position>0 0 -0.058102500000000001</Position>
<Axis>-2.0386568251094119e-16 1.0574149800322359e-16 -1</Axis>
</ConstraintGeometry>
</Tangent>
<UnknownConstraint name="Lock1">
<ConstraintGeometry geomType="Unknown">
<InstancePath>
<Uid>Frame_Assy_Part-1</Uid>
</InstancePath>
</ConstraintGeometry>
<ConstraintGeometry geomType="Unknown">
<InstancePath>
<Uid>SteeringCyliner-1</Uid>
</InstancePath>
</ConstraintGeometry>
</UnknownConstraint>
<Concentric name="Concentric33">
<ConstraintGeometry geomType="cylinder">
<InstancePath>
<Uid>frame_mount_sim-2</Uid>
</InstancePath>
<Position>0.01489677862381833 0.071210710232070554 0.15581822302068182</Position>
<Axis>1.0000000000000002 -1.9428902930940239e-16 -1.8405367385909772e-16</Axis>
</ConstraintGeometry>
<ConstraintGeometry geomType="cylinder">
<InstancePath>
<Uid>Lower_A-Arm_Assembly_sim-1</Uid>
</InstancePath>
<Position>-0.088049098188495378 0.14173683773802562 0.26578723792721326</Position>
<Axis>1.0000000000000002 0 -1.0471441422299499e-14</Axis>
</ConstraintGeometry>
</Concentric>
<Concentric name="Concentric34">
<ConstraintGeometry geomType="cylinder">
<InstancePath>
<Uid>frame_mount_sim-2</Uid>
</InstancePath>
<Position>0.16653477862381783 0.22361071023207077 0.15581822301551757</Position>
<Axis>-1.0000000000000002 1.9428902930940239e-16 3.4622712707034319e-15</Axis>
</ConstraintGeometry>
<ConstraintGeometry geomType="cylinder">
<InstancePath>
<Uid>Upper-Cast-Assembly_sim-1</Uid>
</InstancePath>
<Position>-0.13307487517004657 0.12215515654668543 0.020652379004104819</Position>
<Axis>-1 5.6768825751341012e-16 0</Axis>
</ConstraintGeometry>
</Concentric>
<Concentric name="Concentric37">
<ConstraintGeometry geomType="sphere">
<InstancePath>
<Uid>Upper-Cast-Assembly_sim-1</Uid>
</InstancePath>
<Position>-0.052112375170046743 -0.043897343453315529 0.01712737900410468</Position>
</ConstraintGeometry>
<ConstraintGeometry geomType="sphere">
<InstancePath>
<Uid>Sheet_Spindle_right-1</Uid>
</InstancePath>
<Position>-0.010277802683503978 0.08932545449363978 0.013803912294351656</Position>
</ConstraintGeometry>
</Concentric>
<Concentric name="Concentric38">
<ConstraintGeometry geomType="sphere">
<InstancePath>
<Uid>Lower_A-Arm_Assembly_sim-1</Uid>
</InstancePath>
<Position>-0.16424909818838818 0.14589683773802278 0.45698573792734265</Position>
</ConstraintGeometry>
<ConstraintGeometry geomType="sphere">
<InstancePath>
<Uid>Sheet_Spindle_right-1</Uid>
</InstancePath>
<Position>-0.010277802683503978 -0.053825482946079889 -0.01156676120177258</Position>
</ConstraintGeometry>
</Concentric>
<Concentric name="Concentric39">
<ConstraintGeometry geomType="circle">
<InstancePath>
<Uid>frame_mount_sim-3</Uid>
</InstancePath>
<Position>-0.0430152213761823 0.071210710232070734 0.15581822302068171</Position>
<Axis>1 0 -3.7100291783330314e-15</Axis>
</ConstraintGeometry>
<ConstraintGeometry geomType="cylinder">
<InstancePath>
<Uid>Lower_A-Arm_Assembly_sim-2</Uid>
</InstancePath>
<Position>-0.088049098188495156 0.14173683773802559 0.26578723792721326</Position>
<Axis>1.0000000000000002 0 -1.0475995071423938e-14</Axis>
</ConstraintGeometry>
</Concentric>
<Concentric name="Concentric41">
<ConstraintGeometry geomType="cylinder">
<InstancePath>
<Uid>SteeringCyliner-1</Uid>
</InstancePath>
<Position>1.1102230246251565e-16 2.2204460492503131e-16 -0.11271249999999997</Position>
<Axis>2.0386568251094119e-16 -1.0574149800322359e-16 1</Axis>
</ConstraintGeometry>
<ConstraintGeometry geomType="cylinder">
<InstancePath>
<Uid>cylinder_rod-3</Uid>
</InstancePath>
<Position>-0.3752719011156927 0.035630418672752073 0.05146431582252925</Position>
<Axis>1 3.89308261245321e-15 6.1153195675301951e-15</Axis>
</ConstraintGeometry>
</Concentric>
<Concentric name="Concentric42">
<ConstraintGeometry geomType="sphere">
<InstancePath>
<Uid>TieRod_Assem_sim-1</Uid>
</InstancePath>
<Position>-0.00050534629703591349 -0.16342017982461376 -0.0062540934485993821</Position>
</ConstraintGeometry>
<ConstraintGeometry geomType="sphere">
<InstancePath>
<Uid>cylinder_rod-3</Uid>
</InstancePath>
<Position>0.013665598884307267 0.035630418672753628 0.051464315822531609</Position>
</ConstraintGeometry>
</Concentric>
<Concentric name="Concentric43">
<ConstraintGeometry geomType="sphere">
<InstancePath>
<Uid>Sheet_Spindle_right-1</Uid>
</InstancePath>
<Position>0.068970197316496007 0.011470872140003488 0.0051972387982274215</Position>
</ConstraintGeometry>
<ConstraintGeometry geomType="sphere">
<InstancePath>
<Uid>TieRod_Assem_sim-1</Uid>
</InstancePath>
<Position>-0.00050534629703613554 0.011522320175386305 -0.006254093448599396</Position>
</ConstraintGeometry>
</Concentric>
<Concentric name="Concentric44">
<ConstraintGeometry geomType="sphere">
<InstancePath>
<Uid>TieRod_Assem_sim-2</Uid>
</InstancePath>
<Position>-0.00050534629703569145 -0.16342017982461368 -0.0062540934485994099</Position>
</ConstraintGeometry>
<ConstraintGeometry geomType="sphere">
<InstancePath>
<Uid>cylinder_rod-3</Uid>
</InstancePath>
<Position>-0.38955940111569287 0.035630418672751851 0.051464315822529139</Position>
</ConstraintGeometry>
</Concentric>
<Concentric name="Concentric45">
<ConstraintGeometry geomType="cylinder">
<InstancePath>
<Uid>frame_mount_sim-3</Uid>
</InstancePath>
<Position>-0.035268221376182352 0.22361071023207074 0.15581822301551823</Position>
<Axis>-1 0 3.4914813388434237e-15</Axis>
</ConstraintGeometry>
<ConstraintGeometry geomType="cylinder">
<InstancePath>
<Uid>Upper-Cast-Assembly_sim-2</Uid>
</InstancePath>
<Position>-0.13307487517004701 0.12215515654668541 0.020652379004104826</Position>
<Axis>-1.0000000000000002 5.620504062164855e-16 0</Axis>
</ConstraintGeometry>
</Concentric>
<Concentric name="Concentric46">
<ConstraintGeometry geomType="sphere">
<InstancePath>
<Uid>Lower_A-Arm_Assembly_sim-2</Uid>
</InstancePath>
<Position>-0.16424909818838818 0.14589683773802276 0.45698573792734259</Position>
</ConstraintGeometry>
<ConstraintGeometry geomType="sphere">
<InstancePath>
<Uid>Sheet_Spindle_left-1</Uid>
</InstancePath>
<Position>-0.010277802683503978 -0.053825482946079861 -0.011566761201772469</Position>
</ConstraintGeometry>
</Concentric>
<Concentric name="Concentric47">
<ConstraintGeometry geomType="sphere">
<InstancePath>
<Uid>Upper-Cast-Assembly_sim-2</Uid>
</InstancePath>
<Position>-0.052112375170046965 -0.043897343453315474 0.017127379004104659</Position>
</ConstraintGeometry>
<ConstraintGeometry geomType="sphere">
<InstancePath>
<Uid>Sheet_Spindle_left-1</Uid>
</InstancePath>
<Position>-0.010277802683503756 0.089325454493639767 0.013803912294351628</Position>
</ConstraintGeometry>
</Concentric>
<Concentric name="Concentric48">
<ConstraintGeometry geomType="sphere">
<InstancePath>
<Uid>TieRod_Assem_sim-2</Uid>
</InstancePath>
<Position>-0.00050534629703546941 0.011522320175386347 -0.0062540934485994099</Position>
</ConstraintGeometry>
<ConstraintGeometry geomType="sphere">
<InstancePath>
<Uid>Sheet_Spindle_left-1</Uid>
</InstancePath>
<Position>-0.089525802683503741 0.011343872140003514 0.0053242387982276318</Position>
</ConstraintGeometry>
</Concentric>
<Parallel name="Parallel1">
<ConstraintGeometry geomType="plane">
<InstancePath>
<Uid>TieRod_Assem_sim-2</Uid>
</InstancePath>
<Position>-0.013205346297035403 -0.15072017982461366 -0.012604093448599404</Position>
<Axis>1.6653345369377348e-16 0 1</Axis>
</ConstraintGeometry>
<ConstraintGeometry geomType="line">
<InstancePath>
<Uid>Sheet_Spindle_left-1</Uid>
</InstancePath>
<Position>-0.09407893975449455 0.0015648721400034205 -0.0031690368255349322</Position>
<Axis>0.8783491468517598 0 -0.47801963999901265</Axis>
</ConstraintGeometry>
</Parallel>
<Parallel name="Parallel2">
<ConstraintGeometry geomType="line">
<InstancePath>
<Uid>Frame_Assy_Part-1</Uid>
</InstancePath>
<Position>-0.6095017151673745 0.14657337693004638 -0.32118593981359794</Position>
<Axis>0.99647823953335346 -0.083851762870607569 0</Axis>
</ConstraintGeometry>
<ConstraintGeometry geomType="plane">
<InstancePath>
<Uid>cylinder_rod-3</Uid>
</InstancePath>
<Position>-0.39908440111569293 0.04530953909692581 0.048795818527357537</Position>
<Axis>6.0903877285695155e-15 0.052712709879032829 -0.9986097186675128</Axis>
</ConstraintGeometry>
</Parallel>
<Parallel name="Parallel3">
<ConstraintGeometry geomType="line">
<InstancePath>
<Uid>Sheet_Spindle_right-1</Uid>
</InstancePath>
<Position>0.073523334387486816 0.0018188721400034177 -0.003042036825535499</Position>
<Axis>-0.87834914685176324 0 -0.47801963999900648</Axis>
</ConstraintGeometry>
<ConstraintGeometry geomType="plane">
<InstancePath>
<Uid>TieRod_Assem_sim-1</Uid>
</InstancePath>
<Position>-0.013205346297035847 -0.15072017982461372 -0.012604093448599384</Position>
<Axis>1.6653345369377348e-16 0 1.0000000000000002</Axis>
</ConstraintGeometry>
</Parallel>
<Concentric name="Concentric49">
<ConstraintGeometry geomType="cylinder">
<InstancePath>
<Uid>Frame_Assy_Part-1</Uid>
</InstancePath>
<Position>0.44126257773916877 0.20987118089335957 -0.36128237981359496</Position>
<Axis>-0.99904822158185669 -0.043619387365357538 -6.7458889454269669e-15</Axis>
</ConstraintGeometry>
<ConstraintGeometry geomType="cylinder">
<InstancePath>
<Uid>Cylinder-1</Uid>
<Uid>Cylinder-1</Uid>
</InstancePath>
<Position>0 0.21272499999999997 -0.017462500000000158</Position>
<Axis>0 0 1</Axis>
</ConstraintGeometry>
</Concentric>
<Concentric name="Concentric52">
<ConstraintGeometry geomType="cylinder">
<InstancePath>
<Uid>Lower_A-Arm_Assembly_sim-2</Uid>
</InstancePath>
<Position>-0.17694909818849713 0.17158183773802543 0.35551273792721289</Position>
<Axis>-1.0000000000000002 0 3.4919983571413127e-15</Axis>
</ConstraintGeometry>
<ConstraintGeometry geomType="cylinder">
<InstancePath>
<Uid>Cylinder-1</Uid>
<Uid>Rod-1</Uid>
</InstancePath>
<Position>0 0.212725 -0.01308100000000012</Position>
<Axis>0 0 1</Axis>
</ConstraintGeometry>
</Concentric>
<Coincident name="Coincident13">
<ConstraintGeometry geomType="plane">
<InstancePath>
<Uid>Frame_Assy_Part-1</Uid>
</InstancePath>
<Position>-0.6097572953406043 -0.1063998887440515 -0.28612377981359793</Position>
<Axis>0 0 -0.99999999999999978</Axis>
</ConstraintGeometry>
<ConstraintGeometry geomType="plane">
<InstancePath>
<Uid>frame_mount_sim-3</Uid>
</InstancePath>
<Position>0.061759778623817985 0.14741071023325872 0.19088038301809995</Position>
<Axis>2.1326374644193349e-16 3.3881463621618677e-11 1</Axis>
</ConstraintGeometry>
</Coincident>
<Concentric name="Concentric53">
<ConstraintGeometry geomType="circle">
<InstancePath>
<Uid>Frame_Assy_Part-1</Uid>
</InstancePath>
<Position>0.53741016227056337 -0.086320680413875736 -0.28308593981359798</Position>
<Axis>0 0 0.99999999999999978</Axis>
</ConstraintGeometry>
<ConstraintGeometry geomType="cylinder">
<InstancePath>
<Uid>frame_mount_sim-3</Uid>
</InstancePath>
<Position>0.13160977862381795 0.11566071023325872 0.19088138301917573</Position>
<Axis>-2.1326374644193349e-16 -3.3881463621618677e-11 -1</Axis>
</ConstraintGeometry>
</Concentric>
<Coincident name="Coincident15">
<ConstraintGeometry geomType="plane">
<InstancePath>
<Uid>Frame_Assy_Part-1</Uid>
</InstancePath>
<Position>-0.6097572953406023 -0.10639988874405064 0.050151900186407278</Position>
<Axis>0 0 0.99999999999999978</Axis>
</ConstraintGeometry>
<ConstraintGeometry geomType="plane">
<InstancePath>
<Uid>frame_mount_sim-2</Uid>
</InstancePath>
<Position>0.061759778623817985 0.14741071023325872 0.19088038301809995</Position>
<Axis>2.424738190197484e-16 3.3881491020457163e-11 0.99999999999999989</Axis>
</ConstraintGeometry>
</Coincident>
<Concentric name="Concentric55">
<ConstraintGeometry geomType="circle">
<InstancePath>
<Uid>Frame_Assy_Part-1</Uid>
</InstancePath>
<Position>0.39786070465939738 -0.09243286643059466 0.050151900186407278</Position>
<Axis>0 0 0.99999999999999978</Axis>
</ConstraintGeometry>
<ConstraintGeometry geomType="circle">
<InstancePath>
<Uid>frame_mount_sim-2</Uid>
</InstancePath>
<Position>0.13160977862381795 0.11566071023315111 0.18770538301917566</Position>
<Axis>-2.424738190197484e-16 -3.3881491020457163e-11 -0.99999999999999989</Axis>
</ConstraintGeometry>
</Concentric>
<Coincident name="Coincident16">
<ConstraintGeometry geomType="plane">
<InstancePath>
<Uid>Frame_Assy_Part-1</Uid>
</InstancePath>
<Position>0.47800371192237967 -0.028971347484541721 -0.38033237981359452</Position>
<Axis>-0.99904822158185691 -0.043619387365353597 -6.3647642214487081e-15</Axis>
</ConstraintGeometry>
<ConstraintGeometry geomType="plane">
<InstancePath>
<Uid>Cylinder-2</Uid>
<Uid>Cylinder-1</Uid>
</InstancePath>
<Position>-0.012699999999999989 0.22542499999999993 0.013080999999999676</Position>
<Axis>0 -1.8041124150158794e-16 0.99999999999999978</Axis>
</ConstraintGeometry>
</Coincident>
<Concentric name="Concentric57">
<ConstraintGeometry geomType="cylinder">
<InstancePath>
<Uid>Frame_Assy_Part-1</Uid>
</InstancePath>
<Position>0.44126257773916544 0.20987118089335979 0.12531050018640486</Position>
<Axis>-0.99904822158185669 -0.043619387365357538 -6.7458889454269669e-15</Axis>
</ConstraintGeometry>
<ConstraintGeometry geomType="cylinder">
<InstancePath>
<Uid>Cylinder-2</Uid>
<Uid>Cylinder-1</Uid>
</InstancePath>
<Position>0 0.21272499999999994 -0.017462499999999936</Position>
<Axis>0 0 0.99999999999999978</Axis>
</ConstraintGeometry>
</Concentric>
<Concentric name="Concentric60">
<ConstraintGeometry geomType="cylinder">
<InstancePath>
<Uid>Lower_A-Arm_Assembly_sim-1</Uid>
</InstancePath>
<Position>-0.17694909818849713 0.17158183773802549 0.35551273792721283</Position>
<Axis>-1.0000000000000002 0 3.4885289101893591e-15</Axis>
</ConstraintGeometry>
<ConstraintGeometry geomType="cylinder">
<InstancePath>
<Uid>Cylinder-2</Uid>
<Uid>Rod-1</Uid>
</InstancePath>
<Position>0 0.21272500000000003 -0.013080999999999676</Position>
<Axis>0 0 0.99999999999999978</Axis>
</ConstraintGeometry>
</Concentric>
<Coincident name="Coincident17">
<ConstraintGeometry geomType="plane">
<InstancePath>
<Uid>Frame_Assy_Part-1</Uid>
</InstancePath>
<Position>0.47800371192237967 -0.028971347484541721 -0.38033237981359452</Position>
<Axis>-0.99904822158185691 -0.043619387365353597 -6.3647642214487081e-15</Axis>
</ConstraintGeometry>
<ConstraintGeometry geomType="plane">
<InstancePath>
<Uid>Cylinder-1</Uid>
<Uid>Cylinder-1</Uid>
</InstancePath>
<Position>-0.012699999999999934 0.22542499999999996 0.013080999999999676</Position>
<Axis>0 -1.7347234759768071e-16 1</Axis>
</ConstraintGeometry>
</Coincident>
<Concentric name="Concentric61">
<ConstraintGeometry geomType="cylinder">
<InstancePath>
<Uid>Sheet_Spindle_left-1</Uid>
</InstancePath>
<Position>-0.010277802683503978 -0.0082334829460817271 -0.087766761201772736</Position>
<Axis>0 1.7430501486614958e-14 1</Axis>
</ConstraintGeometry>
<ConstraintGeometry geomType="cylinder">
<InstancePath>
<Uid>18in Trailer Tire-1</Uid>
</InstancePath>
<Position>-0.088989999999999903 0 0</Position>
<Axis>-1 0 0</Axis>
</ConstraintGeometry>
</Concentric>
<Coincident name="Coincident18">
<ConstraintGeometry geomType="plane">
<InstancePath>
<Uid>Sheet_Spindle_left-1</Uid>
</InstancePath>
<Position>-0.010277802683503978 -0.0082334829460817271 -0.087766761201772736</Position>
<Axis>0 -1.7430501486614958e-14 -1</Axis>
</ConstraintGeometry>
<ConstraintGeometry geomType="plane">
<InstancePath>
<Uid>18in Trailer Tire-1</Uid>
</InstancePath>
<Position>0.0023812500000000014 0.022224999999999995 2.2204460492503131e-16</Position>
<Axis>1 0 0</Axis>
</ConstraintGeometry>
</Coincident>
<Concentric name="Concentric62">
<ConstraintGeometry geomType="cylinder">
<InstancePath>
<Uid>Sheet_Spindle_right-1</Uid>
</InstancePath>
<Position>-0.010277802683503978 -0.008233482946081741 -0.087766761201772819</Position>
<Axis>0 1.7470183286127927e-14 1</Axis>
</ConstraintGeometry>
<ConstraintGeometry geomType="circle">
<InstancePath>
<Uid>18in Trailer Tire-2</Uid>
</InstancePath>
<Position>-0.0023812500000000014 0 2.2204460492503131e-16</Position>
<Axis>-1.0000000000000002 0 0</Axis>
</ConstraintGeometry>
</Concentric>
<Coincident name="Coincident19">
<ConstraintGeometry geomType="plane">
<InstancePath>
<Uid>Sheet_Spindle_right-1</Uid>
</InstancePath>
<Position>-0.010277802683503978 -0.008233482946081741 -0.087766761201772819</Position>
<Axis>0 -1.7470183286127927e-14 -1</Axis>
</ConstraintGeometry>
<ConstraintGeometry geomType="plane">
<InstancePath>
<Uid>18in Trailer Tire-2</Uid>
</InstancePath>
<Position>-0.0023812500000000014 0.095250000000000001 2.2204460492503131e-16</Position>
<Axis>-1.0000000000000002 0 0</Axis>
</ConstraintGeometry>
</Coincident>
<Concentric name="Concentric63">
<ConstraintGeometry geomType="circle">
<InstancePath>
<Uid>Trans_Diff_Part-1</Uid>
</InstancePath>
<Position>-0.54537102000000059 0.13509655777159651 -0.10286999999999767</Position>
<Axis>-1 -1.4340192926804434e-15 2.5991532184678991e-15</Axis>
</ConstraintGeometry>
<ConstraintGeometry geomType="cylinder">
<InstancePath>
<Uid>left wheel-2</Uid>
</InstancePath>
<Position>-0.15042852640302773 -0.0009539300010601437 -0.00041052200180047294</Position>
<Axis>1 0 0</Axis>
</ConstraintGeometry>
</Concentric>
<Coincident name="Coincident20">
<ConstraintGeometry geomType="plane">
<InstancePath>
<Uid>Trans_Diff_Part-1</Uid>
</InstancePath>
<Position>-0.53902102000000063 0.14038636816161359 -0.13337093965929619</Position>
<Axis>-1 -1.4340192926804434e-15 2.5991532184678991e-15</Axis>
</ConstraintGeometry>
<ConstraintGeometry geomType="plane">
<InstancePath>
<Uid>left wheel-2</Uid>
</InstancePath>
<Position>0.067376473596972297 0.12287106999893987 -0.00041052200180047294</Position>
<Axis>1 0 0</Axis>
</ConstraintGeometry>
</Coincident>
<Coincident name="Coincident21">
<ConstraintGeometry geomType="plane">
<InstancePath>
<Uid>Trans_Diff_Part-1</Uid>
</InstancePath>
<Position>0.23422101999999978 0.12958486709850409 -0.13333162635163137</Position>
<Axis>1 0 0</Axis>
</ConstraintGeometry>
<ConstraintGeometry geomType="plane">
<InstancePath>
<Uid>right wheel-2</Uid>
</InstancePath>
<Position>-0.063433526403027768 -0.048236421887427522 0.11403158819377225</Position>
<Axis>-1 0 0</Axis>
</ConstraintGeometry>
</Coincident>
<Concentric name="Concentric64">
<ConstraintGeometry geomType="cylinder">
<InstancePath>
<Uid>Trans_Diff_Part-1</Uid>
</InstancePath>
<Position>0.23422101999999984 0.13509655777159887 -0.10286999999999645</Position>
<Axis>1 0 0</Axis>
</ConstraintGeometry>
<ConstraintGeometry geomType="cylinder">
<InstancePath>
<Uid>right wheel-2</Uid>
</InstancePath>
<Position>0.15437147359697223 -0.00095393000106019921 -0.00041052200180047294</Position>
<Axis>-1 0 0</Axis>
</ConstraintGeometry>
</Concentric>
</Constraints>
</RootAssembly>
<Assemblies>
<Assembly name="Cylinder" uid="Cylinder" version="121">
<ModelUnits mass="kilogram" length="inch"/>
<AssemblyFile name="Cylinder.SLDASM" type="SolidWorks Assembly"/>
<Constraints>
<Concentric name="Concentric1">
<ConstraintGeometry geomType="cylinder">
<InstancePath>
<Uid>Cylinder-1</Uid>
</InstancePath>
<Position>0 0.180975 0</Position>
<Axis>0 -1 0</Axis>
</ConstraintGeometry>
<ConstraintGeometry geomType="cylinder">
<InstancePath>
<Uid>Rod-1</Uid>
</InstancePath>
<Position>0 0.180975 0</Position>
<Axis>0 -1 0</Axis>
</ConstraintGeometry>
</Concentric>
<Coincident name="Coincident1">
<ConstraintGeometry geomType="plane">
<InstancePath>
<Uid>Cylinder-1</Uid>
</InstancePath>
<Position>-0.012699999999999999 0.22542499999999999 0.013081000000000001</Position>
<Axis>0 -1.6556654507056154e-16 1</Axis>
</ConstraintGeometry>
<ConstraintGeometry geomType="plane">
<InstancePath>
<Uid>Rod-1</Uid>
</InstancePath>
<Position>-0.012699999999999993 0.22542499999999999 0.013080999999999992</Position>
<Axis>0 -1.6556654507056161e-16 0.99999999999999978</Axis>
</ConstraintGeometry>
</Coincident>
<Distance name="LimitDistance1">
<ConstraintGeometry geomType="plane">
<InstancePath>
<Uid>Rod-1</Uid>
</InstancePath>
<Position>-0.012699999999999993 0.180975 0.010540999999999971</Position>
<Axis>0 -1 0</Axis>
</ConstraintGeometry>
<ConstraintGeometry geomType="plane">
<InstancePath>
<Uid>Cylinder-1</Uid>
</InstancePath>
<Position>0 0 0</Position>
<Axis>0 -1 0</Axis>
</ConstraintGeometry>
</Distance>
</Constraints>
</Assembly>
</Assemblies>
<Parts>
<Part name="18in Trailer Tire" uid="18in Trailer Tire*:*Default" version="324">
<ModelUnits mass="kilogram" length="inch"/>
<PartFile name="18in Trailer Tire.SLDPRT" type="SolidWorks Part"/>
<MassProperties>
<Mass>3.4699826092636292</Mass>
<CenterOfMass>-0.00014886621287614173 0 0</CenterOfMass>
<Inertia>0.085666054388610108 0.0466676371382444 0.046667637138244435 0 0 0</Inertia>
</MassProperties>
<GeometryFile name="18in Trailer Tire_Default_sldprt.STEP" type="STEP"/>
<VisualProperties>
<Ambient r="0" g="0" b="0" a="1"/>
<Diffuse r="0" g="0" b="0" a="1"/>
<Specular r="0" g="0" b="0" a="1"/>
<Emissive r="0" g="0" b="0" a="1"/>
<Shininess>0.3125</Shininess>
</VisualProperties>
</Part>
<Part name="Cylinder" uid="Cylinder*:*Default" version="132">
<ModelUnits mass="kilogram" length="inch"/>
<PartFile name="Cylinder.SLDPRT" type="SolidWorks Part"/>
<MassProperties>
<Mass>0.1895711821582246</Mass>
<CenterOfMass>0.00024094864277398093 0.098520719975429757 -7.9241398203656783e-09</CenterOfMass>
<Inertia>0.0006510541525214257 2.9466472638094649e-05 0.00065158275070829387 -5.7711956879672633e-11 1.1087363497076389e-11 7.6901984915618546e-08</Inertia>
</MassProperties>
<GeometryFile name="Cylinder_Default_sldprt.STEP" type="STEP"/>
<VisualProperties>
<Ambient r="0.58823529411764708" g="0.58823529411764708" b="0.63137254901960782" a="1"/>
<Diffuse r="0.4705882352941177" g="0.4705882352941177" b="0.5050980392156863" a="1"/>
<Specular r="0.20588235294117646" g="0.20588235294117646" b="0.22098039215686271" a="1"/>
<Emissive r="0" g="0" b="0" a="1"/>
<Shininess>0.3125</Shininess>
</VisualProperties>
</Part>
<Part name="Frame_Assy_Part" uid="Frame_Assy_Part*:*Default" version="1252">
<ModelUnits mass="kilogram" length="inch"/>
<PartFile name="Frame_Assy_Part.SLDPRT" type="SolidWorks Part"/>
<MassProperties>
<Mass>125.21362893503709</Mass>
<CenterOfMass>0.17628167442608325 0.25809786371819826 -0.084108463960435823</CenterOfMass>
<Inertia>12.942819653325376 20.221794552213769 27.535974042014463 -1.5581718993029132 -0.81557117336196061 -5.2826341350742227</Inertia>
</MassProperties>
<GeometryFile name="Frame_Assy_Part_Default_sldprt.STEP" type="STEP"/>
<VisualProperties>
<Ambient r="0.792156862745098" g="0.81960784313725488" b="0.93333333333333335" a="1"/>
<Diffuse r="0.792156862745098" g="0.81960784313725488" b="0.93333333333333335" a="1"/>
<Specular r="0.396078431372549" g="0.40980392156862744" b="0.46666666666666667" a="1"/>
<Emissive r="0" g="0" b="0" a="1"/>
<Shininess>0.3125</Shininess>
</VisualProperties>
</Part>
<Part name="Lower_A-Arm_Assembly_sim" uid="Lower_A-Arm_Assembly_sim*:*Default" version="122">
<ModelUnits mass="kilogram" length="inch"/>
<PartFile name="Lower_A-Arm_Assembly_sim.SLDPRT" type="SolidWorks Part"/>
<MassProperties>
<Mass>1.0851466020194478</Mass>
<CenterOfMass>-0.16424476327901705 0.14216937718215961 0.34207520199833819</CenterOfMass>
<Inertia>0.0037355247522366433 0.0072606551169595874 0.0037531218924600394 -1.2561360715937182e-05 -1.7964963550288772e-07 -8.8645493157701665e-08</Inertia>
</MassProperties>
<GeometryFile name="Lower_A-Arm_Assembly_sim_Default_sldprt.STEP" type="STEP"/>
<VisualProperties>
<Ambient r="0.792156862745098" g="0.81960784313725488" b="0.93333333333333335" a="1"/>
<Diffuse r="0.792156862745098" g="0.81960784313725488" b="0.93333333333333335" a="1"/>
<Specular r="0.396078431372549" g="0.40980392156862744" b="0.46666666666666667" a="1"/>
<Emissive r="0" g="0" b="0" a="1"/>
<Shininess>0.3125</Shininess>
</VisualProperties>
</Part>
<Part name="OpStation_Top_Assy_Part" uid="OpStation_Top_Assy_Part*:*Default" version="261">
<ModelUnits mass="kilogram" length="inch"/>
<PartFile name="OpStation_Top_Assy_Part.SLDPRT" type="SolidWorks Part"/>
<MassProperties>
<Mass>35.197553735627281</Mass>
<CenterOfMass>-0.032177063176496344 0.24731252185119115 -0.68570850405102057</CenterOfMass>
<Inertia>5.3929142271050834 5.4576650647214349 2.8692541443266353 -0.28374039248859922 -0.081258049451778738 0.11883600747836209</Inertia>
</MassProperties>
<GeometryFile name="OpStation_Top_Assy_Part_Default_sldprt.STEP" type="STEP"/>
<VisualProperties>
<Ambient r="0.792156862745098" g="0.81960784313725488" b="0.93333333333333335" a="1"/>
<Diffuse r="0.792156862745098" g="0.81960784313725488" b="0.93333333333333335" a="1"/>
<Specular r="0.396078431372549" g="0.40980392156862744" b="0.46666666666666667" a="1"/>
<Emissive r="0" g="0" b="0" a="1"/>
<Shininess>0.3125</Shininess>
</VisualProperties>
</Part>
<Part name="Rod" uid="Rod*:*Default" version="143">
<ModelUnits mass="kilogram" length="inch"/>
<PartFile name="Rod.SLDPRT" type="SolidWorks Part"/>
<MassProperties>
<Mass>0.037023535349914302</Mass>
<CenterOfMass>0 0.13139559119777156 0</CenterOfMass>
<Inertia>0.00016705464870267478 2.5065909843207063e-06 0.00016663853040317585 0 0 0</Inertia>
</MassProperties>
<GeometryFile name="Rod_Default_sldprt.STEP" type="STEP"/>
<VisualProperties>
<Ambient r="0.792156862745098" g="0.81960784313725488" b="0.93333333333333335" a="1"/>
<Diffuse r="0.792156862745098" g="0.81960784313725488" b="0.93333333333333335" a="1"/>
<Specular r="0.396078431372549" g="0.40980392156862744" b="0.46666666666666667" a="1"/>
<Emissive r="0" g="0" b="0" a="1"/>
<Shininess>0.3125</Shininess>
</VisualProperties>
</Part>
<Part name="Sheet_Spindle_left" uid="Sheet_Spindle_left*:*Default" version="120">
<ModelUnits mass="kilogram" length="inch"/>
<PartFile name="Sheet_Spindle_left.SLDPRT" type="SolidWorks Part"/>
<MassProperties>
<Mass>0.58300557343897763</Mass>
<CenterOfMass>-0.020862020065444895 0.010879864044243296 -0.025300681899720626</CenterOfMass>
<Inertia>0.00093932742936575486 0.00067628704570220897 0.00088717684034503395 -0.00024690919456467228 9.9520843240780962e-05 2.5024473205507244e-06</Inertia>
</MassProperties>
<GeometryFile name="Sheet_Spindle_left_Default_sldprt.STEP" type="STEP"/>
<VisualProperties>
<Ambient r="0.792156862745098" g="0.81960784313725488" b="0.93333333333333335" a="1"/>
