<?xml version="1.0" encoding="UTF-8" standalone="no" ?>
<SimscapeMultibodyImportXML version="2.0" xmlns="urn:mathworks:SimscapeMultibody:import" xmlns:xsi="http://www.w3.org/2001/XMLSchema-instance">
<Created by="" on="01/19/23||19:14:09" using="Simscape Multibody Link Version 7.4" from="SolidWorks 30.5.0"/>
<ModelUnits mass="kilogram" length="inch"/>
<DataUnits mass="kilogram" length="meter"/>
<RootAssembly name="Simulation_Frame" uid="Simulation_Frame" version="1138">
<AssemblyFile name="Simulation_Frame.SLDASM" type="SolidWorks Assembly"/>
<InstanceTree>
<Instance name="left wheel-1" uid="left wheel-1" entityUid="left wheel" rigid="true">
<Transform>
<Rotation>1 0 0 0 0.96576509554596091 -0.25941815708446742 0 0.25941815708446742 0.96576509554596091</Rotation>
<Translation>-0.60639749359697281 0.13591133320905865 -0.10222606541685018</Translation>
</Transform>
<Instance name="2158203564-1" uid="2158203564-1" entityUid="2158203564*:*Default">
<Transform>
<Rotation>1 0 0 0 1 0 0 0 1</Rotation>
<Translation>-0.15042852640302773 -0.0009539300010601437 -0.00041052200180047294</Translation>
</Transform>
</Instance>
<Instance name="2158203563-1" uid="2158203563-1" grounded="true" entityUid="2158203563*:*Default">
<Transform>
<Rotation>1 0 0 0 1 0 0 0 1</Rotation>
<Translation>0.0019714735969721398 -0.00095393000106021308 -0.00041052200180047294</Translation>
</Transform>
</Instance>
</Instance>
<Instance name="right wheel-1" uid="right wheel-1" entityUid="right wheel" rigid="true">
<Transform>
<Rotation>1 0 0 0 0.94028284770123138 0.34039413379032113 0 -0.34039413379032113 0.94028284770123138</Rotation>
<Translation>0.29765454640302758 0.13613326107070364 -0.10280870537951381</Translation>
</Transform>
<Instance name="2158203563-1" uid="2158203563-1" grounded="true" entityUid="2158203563*:*Default">
<Transform>
<Rotation>1 0 0 0 1 0 0 0 1</Rotation>
<Translation>0.0019714735969721953 -0.00095393000106022696 -0.000410522001800466</Translation>
</Transform>
</Instance>
<Instance name="2158203564-1" uid="2158203564-1" entityUid="2158203564*:*Default">
<Transform>
<Rotation>-1 0 0 0 -0.38184931868659244 0.92422459273630297 0 0.92422459273630297 0.38184931868659244</Rotation>
<Translation>0.15437147359697223 -0.00095393000106022696 -0.000410522001800466</Translation>
</Transform>
</Instance>
</Instance>
<Instance name="23_Frame_Assy-1" uid="23_Frame_Assy-1" entityUid="23_Frame_Assy" rigid="true">
<Transform>
<Rotation>0 1.0424550185896192e-16 1 -1.0000000000000002 -2.9087843245179101e-14 0 2.9087843245179101e-14 -1.0000000000000002 1.0424550185896359e-16</Rotation>
<Translation>-0.034414060186406983 -0.9069372953406013 -0.093953888744037622</Translation>
</Transform>
<Instance name="Belly_Pan_23-1" uid="Belly_Pan_23-1" entityUid="Belly_Pan_23*:*Default">
<Transform>
<Rotation>0 -6.9388939039072284e-16 1.0000000000000002 -3.8895752937917491e-16 1.0000000000000002 6.9388939039072284e-16 -1 -3.8895752937917496e-16 0</Rotation>
<Translation>-0.60979133182290668 -0.13640794981495641 -0.11798593981359812</Translation>
</Transform>
<VisualProperties>
<Ambient r="0.96862745098039216" g="0.25882352941176467" b="0.25882352941176467" a="1"/>
<Diffuse r="0.77490196078431373" g="0.20705882352941174" b="0.20705882352941174" a="1"/>
<Specular r="0.29058823529411765" g="0.077647058823529402" b="0.077647058823529402" a="1"/>
<Emissive r="0" g="0" b="0" a="1"/>
<Shininess>0.3125</Shininess>
</VisualProperties>
</Instance>
<Instance name="FinalBrakeAssy1-1" uid="FinalBrakeAssy1-1" entityUid="FinalBrakeAssy1">
<Transform>
<Rotation>-1 0 -6.9829626776862636e-15 0 1 0 6.9829626776862636e-15 0 -1</Rotation>
<Translation>-0.33855680750495132 0.065054840711020204 0.26287690018640975</Translation>
</Transform>
<Instance name="2234406087-4" visible="false" uid="2234406087-4" entityUid="2234406087*:*Default">
<Transform>
<Rotation>-1 -2.449293598294702e-16 0 -2.449293598294702e-16 1 0 0 0 -1</Rotation>
<Translation>-0.0030480000000000507 -0.040640000000000023 0.11126215999999998</Translation>
</Transform>
</Instance>
<Instance name="2234406087-3" visible="false" uid="2234406087-3" entityUid="2234406087*:*Default">
<Transform>
<Rotation>-1 -3.5277399507112008e-16 0 -3.5277399507112008e-16 1 0 0 0 -1</Rotation>
<Translation>-0.0030378399999999584 -0.040650160000000046 0.082549999999999985</Translation>
</Transform>
</Instance>
<Instance name="2234406086-1" uid="2234406086-1" grounded="true" entityUid="2234406086*:*Default">
<Transform>
<Rotation>1 0 0 0 1 0 0 0 1</Rotation>
<Translation>0 0 0</Translation>
</Transform>
</Instance>
<Instance name="2234406087-2" uid="2234406087-2" entityUid="2234406087*:*Default">
<Transform>
<Rotation>-1 -3.5277399507112008e-16 0 -3.5277399507112008e-16 1 0 0 0 -1</Rotation>
<Translation>-0.0030378400000000694 -0.040650160000000046 0.047762159999999942</Translation>
</Transform>
</Instance>
<Instance name="RightBrakePedal-1" uid="RightBrakePedal-1" entityUid="RightBrakePedal" rigid="true">
<Transform>
<Rotation>-0.99676290542794099 0.080397203700440165 7.0420970503345476e-15 0.080397203700440165 0.99676290542794099 0 -7.019330312734787e-15 5.6580293294898976e-16 -1</Rotation>
<Translation>0.045463765030182568 -0.081742398003505815 0.20111420448649911</Translation>
</Transform>
<Instance name="BrakePedalPad-2" uid="BrakePedalPad-2" entityUid="BrakePedalPad*:*Default">
<Transform>
<Rotation>0 0.34202014332566316 -0.93969262078591043 -1.3183898417423736e-16 0.93969262078591009 0.34202014332566333 1 1.3519773018718321e-16 0</Rotation>
<Translation>0.15660431776289918 0.2687062676949778 0.17902636448649639</Translation>
</Transform>
</Instance>
<Instance name="BrakePedalUprightPart-1" uid="BrakePedalUprightPart-1" grounded="true" entityUid="BrakePedalUprightPart*:*Default">
<Transform>
<Rotation>1 0 0 0 1 0 0 0 1</Rotation>
<Translation>0.071912621413760092 0.15683306214888484 0.16632636448649638</Translation>
</Transform>
</Instance>
</Instance>
<Instance name="93560A140_Steel Hex Weld Nut-4" uid="93560A140_Steel Hex Weld Nut-4" entityUid="93560A140_Steel Hex Weld Nut*:*93560A140">
<Transform>
<Rotation>0.49113849206657689 -0.87108150112981353 0 0 0 -1 0.87108150112981342 0.49113849206657678 0</Rotation>
<Translation>-0.049677319999999914 -0.0030480000000000229 0.12382499999999999</Translation>
</Transform>
</Instance>
<Instance name="2234406087-1" uid="2234406087-1" entityUid="2234406087*:*Default">
<Transform>
<Rotation>-1 -2.449293598294702e-16 0 -2.449293598294702e-16 1 0 0 0 -1</Rotation>
<Translation>-0.0030480000000000507 -0.040640000000000023 0.019049999999999956</Translation>
</Transform>
</Instance>
<Instance name="LeftBrakePedal-2" uid="LeftBrakePedal-2" entityUid="LeftBrakePedal" rigid="true">
<Transform>
<Rotation>-0.99676290542794099 0.080397203700440248 6.6814134193838744e-15 0.080397203700440248 0.99676290542794099 0 -6.6598142488080947e-15 5.3680497760004044e-16 -1</Rotation>
<Translation>0.0073386347003923103 -0.10976018481349373 0.26965048070765807</Translation>
</Transform>
<Instance name="BrakePedalPad-2" uid="BrakePedalPad-2" entityUid="BrakePedalPad*:*Default">
<Transform>
<Rotation>0 0.34202014332566327 0.93969262078591043 0 0.93969262078591043 -0.34202014332566327 -1 0 0</Rotation>
<Translation>0.11488810565696672 0.30187034005870983 0.15838832070765571</Translation>
</Transform>
</Instance>
<Instance name="BrakePedalUprightPart-1" uid="BrakePedalUprightPart-1" grounded="true" entityUid="BrakePedalUprightPart*:*Default">
<Transform>
<Rotation>1 0 0 0 1 0 0 0 1</Rotation>
<Translation>0.036163457449818193 0.18782530660249902 0.17108832070765576</Translation>
</Transform>
</Instance>
</Instance>
<Instance name="93560A140_Steel Hex Weld Nut-1" uid="93560A140_Steel Hex Weld Nut-1" entityUid="93560A140_Steel Hex Weld Nut*:*93560A140">
<Transform>
<Rotation>0.49113849206657689 -0.87108150112981353 0 0 0 -1 0.87108150112981342 0.49113849206657678 0</Rotation>
<Translation>-0.049677320000000025 -0.0030479999999999952 0.0095249999999999779</Translation>
</Transform>
</Instance>
<Instance name="93560A140_Steel Hex Weld Nut-2" uid="93560A140_Steel Hex Weld Nut-2" entityUid="93560A140_Steel Hex Weld Nut*:*93560A140">
<Transform>
<Rotation>0.49113849206657689 -0.87108150112981353 0 0 0 -1 0.87108150112981342 0.49113849206657678 0</Rotation>
<Translation>-0.10682731999999995 -0.0030480000000000229 0.0095249999999999779</Translation>
</Transform>
</Instance>
<Instance name="93560A140_Steel Hex Weld Nut-3" uid="93560A140_Steel Hex Weld Nut-3" entityUid="93560A140_Steel Hex Weld Nut*:*93560A140">
<Transform>
<Rotation>0.49113849206657673 -0.87108150112981364 0 1.6653345369377348e-16 0 -1 0.87108150112981342 0.49113849206657667 1.4506421083190645e-16</Rotation>
<Translation>-0.10682731999999995 -0.0030480000000000229 0.12382499999999999</Translation>
</Transform>
</Instance>
</Instance>
<Instance name="EngineShield-1" uid="EngineShield-1" entityUid="EngineShield" rigid="true">
<Transform>
<Rotation>6.5763366974280789e-15 0.083851762870608082 0.99647823953335368 2.7379357461776459e-15 0.99647823953335368 -0.083851762870608082 -1 3.2797308176165546e-15 6.3235956758882689e-15</Rotation>
<Translation>-0.088916167572447247 0.17476548689760552 -0.11810171482022952</Translation>
</Transform>
<Instance name="2224304034-1" uid="2224304034-1" entityUid="2224304034*:*Default">
<Transform>
<Rotation>2.220446049250318e-16 -0.8104349236389542 -0.58582867337330147 -1.2490009027033011e-16 -0.58582867337330147 0.8104349236389542 -1 -1.067826482495868e-16 -2.3130349145366371e-16</Rotation>
<Translation>0.16959384004188588 -0.065994555375567643 0.15421610000000008</Translation>
</Transform>
</Instance>
<Instance name="2224304034-2" uid="2224304034-2" entityUid="2224304034*:*Default">
<Transform>
<Rotation>1.3877787807814476e-16 0.81043492363895431 -0.58582867337330147 -2.2204460492503131e-16 -0.58582867337330158 -0.8104349236389542 -1 3.8857805861880479e-16 1.8041124150158794e-16</Rotation>
<Translation>-0.087753574371635737 0.04722320345679426 0.15421609999999997</Translation>
</Transform>
</Instance>
<Instance name="2224304032-1" uid="2224304032-1" grounded="true" entityUid="2224304032*:*Default">
<Transform>
<Rotation>1 0 0 0 1 0 0 0 1</Rotation>
<Translation>0 0 0</Translation>
</Transform>
</Instance>
<Instance name="2224304033-2" uid="2224304033-2" entityUid="2224304033*:*Default">
<Transform>
<Rotation>-0.99999999963238573 -2.7115094763770914e-05 -1.110223024625158e-16 -2.7115094763868062e-05 0.99999999963238584 0 1.6646399699209863e-16 0 -1.0000000000000002</Rotation>
<Translation>3.7279489071700977e-05 -0.003223835100925887 0</Translation>
</Transform>
</Instance>
</Instance>
<Instance name="Belt Shield Top-1" uid="Belt Shield Top-1" entityUid="Belt Shield Top*:*Default">
<Transform>
<Rotation>3.4182845237998889e-15 2.3869795029440854e-15 1 -1.439028025852858e-15 1 -2.3869795029440806e-15 -1 -1.4390280258528499e-15 3.4182845237998925e-15</Rotation>
<Translation>-0.051084295340602215 -0.071458802319554732 -0.053723939813593163</Translation>
</Transform>
</Instance>
<Instance name="4453K21_Hydraulic_Oil_Filter-1" uid="4453K21_Hydraulic_Oil_Filter-1" entityUid="4453K21_Hydraulic_Oil_Filter*:*4453K21">
<Transform>
<Rotation>0 1.5515774272541607e-16 -1.0000000000000002 -1.0000000000000002 -3.4554037496759527e-15 0 -3.4554037496759511e-15 1 1.5515774272541585e-16</Rotation>
<Translation>-0.16182829534060461 -0.01241988874405052 -0.25743193981359813</Translation>
</Transform>
</Instance>
<Instance name="Coupler_Shield_Top-2" uid="Coupler_Shield_Top-2" entityUid="Coupler_Shield_Top" rigid="true">
<Transform>
<Rotation>-1.0506333319706075e-14 0 -0.99999999999999989 0 -1 0 -0.99999999999999989 0 1.0506333319706075e-14</Rotation>
<Translation>-0.32455847534060622 0.0090399233256924366 -0.11798593981358801</Translation>
</Transform>
<Instance name="2224304025-1" uid="2224304025-1" grounded="true" entityUid="2224304025*:*Default">
<Transform>
<Rotation>1 0 0 0 1 0 0 0 1</Rotation>
<Translation>0 0 0</Translation>
</Transform>
</Instance>
<Instance name="CouplerShieldPipe-1" uid="CouplerShieldPipe-1" entityUid="CouplerShieldPipe*:*Default">
<Transform>
<Rotation>1 0 0 0 1 0 0 0 1</Rotation>
<Translation>0 0 0</Translation>
</Transform>
</Instance>
</Instance>
<Instance name="Coupler_Shield_Top-1" uid="Coupler_Shield_Top-1" entityUid="Coupler_Shield_Top" rigid="true">
<Transform>
<Rotation>1.0474444016529403e-14 0 -1 0 1 0 1 0 1.0474444016529403e-14</Rotation>
<Translation>-0.32152063534060615 0.009039923325692395 -0.11798593981358807</Translation>
</Transform>
<Instance name="2224304025-1" uid="2224304025-1" grounded="true" entityUid="2224304025*:*Default">
<Transform>
<Rotation>1 0 0 0 1 0 0 0 1</Rotation>
<Translation>0 0 0</Translation>
</Transform>
</Instance>
<Instance name="CouplerShieldPipe-1" uid="CouplerShieldPipe-1" entityUid="CouplerShieldPipe*:*Default">
<Transform>
<Rotation>1 0 0 0 1 0 0 0 1</Rotation>
<Translation>0 0 0</Translation>
</Transform>
</Instance>
</Instance>
<Instance name="2234056068-1" uid="2234056068-1" entityUid="2234056068*:*Default">
<Transform>
<Rotation>3.4421999629687303e-15 -1 2.3310312560340867e-15 -1.5591348516205056e-15 2.3310312560340812e-15 1 -1 -3.4421999629687339e-15 -1.5591348516204975e-15</Rotation>
<Translation>-0.0069517953406019739 -0.065108802319554931 -0.1179859398135929</Translation>
</Transform>
</Instance>
<Instance name="UnderFloorBoardRes_23-1" uid="UnderFloorBoardRes_23-1" entityUid="UnderFloorBoardRes_23" rigid="true">
<Transform>
<Rotation>-1.002118078668502e-06 0.99999999999949807 1.7048862321900051e-14 0 1.7048862232731821e-14 -1 -0.99999999999949785 -1.0021180786685017e-06 0</Rotation>
<Translation>-0.45588318631826091 0.063022840711049119 -0.30532335854920478</Translation>
</Transform>
<Instance name="2224304030-1" uid="2224304030-1" entityUid="2224304030*:*Default">
<Transform>
<Rotation>0.99999999999999989 3.6762554189923694e-15 0 0 -2.922662112325724e-14 0.99999999999999989 3.6762554189923678e-15 -0.99999999999999978 -2.9226621123257233e-14</Rotation>
<Translation>-0.0020320000000004779 0.11947256151411279 0.12293599999999646</Translation>
</Transform>
</Instance>
<Instance name="91255A578_Button Head Hex Drive Screw-3" uid="91255A578_Button Head Hex Drive Screw-3" entityUid="91255A578_Button Head Hex Drive Screw*:*91255A578">
<Transform>
<Rotation>0.84971582505801391 -0.5272409474291414 0 -0.52724094742914129 -0.84971582505801391 -1.1302114559650171e-16 1.2490009027032853e-16 0 -0.99999999999999989</Rotation>
<Translation>0.053974999999999773 0.2806700000000002 -0.0081534000000000328</Translation>
</Transform>
<VisualProperties>
<Ambient r="0.75294117647058822" g="0.75294117647058822" b="0.75294117647058822" a="0.25"/>
<Diffuse r="0.75294117647058822" g="0.75294117647058822" b="0.75294117647058822" a="0.25"/>
<Specular r="0.22588235294117645" g="0.22588235294117645" b="0.22588235294117645" a="0.25"/>
<Emissive r="0" g="0" b="0" a="0.25"/>
<Shininess>0.3125</Shininess>
</VisualProperties>
</Instance>
<Instance name="91255A578_Button Head Hex Drive Screw-2" uid="91255A578_Button Head Hex Drive Screw-2" entityUid="91255A578_Button Head Hex Drive Screw*:*91255A578">
<Transform>
<Rotation>0.84971582505801391 -0.5272409474291414 0 -0.52724094742914129 -0.84971582505801391 -1.1607553348812199e-16 0 0 -0.99999999999999989</Rotation>
<Translation>0.23867144579859895 -0.052070000000000005 -0.0081534000000000051</Translation>
</Transform>
<VisualProperties>
<Ambient r="0.75294117647058822" g="0.75294117647058822" b="0.75294117647058822" a="0.25"/>
<Diffuse r="0.75294117647058822" g="0.75294117647058822" b="0.75294117647058822" a="0.25"/>
<Specular r="0.22588235294117645" g="0.22588235294117645" b="0.22588235294117645" a="0.25"/>
<Emissive r="0" g="0" b="0" a="0.25"/>
<Shininess>0.3125</Shininess>
</VisualProperties>
</Instance>
<Instance name="-10Bung-3" uid="-10Bung-3" entityUid="-10Bung*:*Default">
<Transform>
<Rotation>0.90964370263590399 0.41538937667547893 2.0475507957537296e-16 -0.41538937667547887 0.90964370263590411 1.8111167612914394e-16 -1.1102230246251565e-16 -2.4980018054066022e-16 0.99999999999999978</Rotation>
<Translation>0.23926799999999998 0.035813999999999846 0.11861800000000075</Translation>
</Transform>
</Instance>
<Instance name="2224304028-1" uid="2224304028-1" grounded="true" entityUid="2224304028*:*Default">
<Transform>
<Rotation>1 0 0 0 1 0 0 0 1</Rotation>
<Translation>0 0 0</Translation>
</Transform>
</Instance>
<Instance name="99904A102_Medium-Strength Steel Serrated Flange Locknut (2)-7" uid="99904A102_Medium-Strength Steel Serrated Flange Locknut (2)-7" entityUid="99904A102_Medium-Strength Steel Serrated Flange Locknut (2)*:*99904A102">
<Transform>
<Rotation>1 0 0 0 1 0 0 0 1</Rotation>
<Translation>0.14342144579859889 -0.05206999999999995 0.0071437499999999765</Translation>
</Transform>
</Instance>
<Instance name="99904A102_Medium-Strength Steel Serrated Flange Locknut (2)-8" uid="99904A102_Medium-Strength Steel Serrated Flange Locknut (2)-8" entityUid="99904A102_Medium-Strength Steel Serrated Flange Locknut (2)*:*99904A102">
<Transform>
<Rotation>0.96085561167121236 0.27704962284749707 0 -0.27704962284749707 0.96085561167121236 0 0 0 0.99999999999999978</Rotation>
<Translation>0.17462499999999986 0.2806700000000002 0.0071437500000000043</Translation>
</Transform>
</Instance>
<Instance name="2224304029-1" uid="2224304029-1" entityUid="2224304029*:*Default">
<Transform>
<Rotation>1 0 0 0 1 0 0 0 1</Rotation>
<Translation>-0.0020320000000000893 0 0.12496800000000077</Translation>
</Transform>
</Instance>
<Instance name="91255A578_Button Head Hex Drive Screw-4" uid="91255A578_Button Head Hex Drive Screw-4" entityUid="91255A578_Button Head Hex Drive Screw*:*91255A578">
<Transform>
<Rotation>0.84971582505801391 -0.52724094742914129 0 -0.52724094742914129 -0.84971582505801391 -1.1302114559650307e-16 1.2490009027032853e-16 0 -0.99999999999999978</Rotation>
<Translation>0.17462499999999986 0.28067000000000031 -0.0081534000000000051</Translation>
</Transform>
<VisualProperties>
<Ambient r="0.75294117647058822" g="0.75294117647058822" b="0.75294117647058822" a="0.25"/>
<Diffuse r="0.75294117647058822" g="0.75294117647058822" b="0.75294117647058822" a="0.25"/>
<Specular r="0.22588235294117645" g="0.22588235294117645" b="0.22588235294117645" a="0.25"/>
<Emissive r="0" g="0" b="0" a="0.25"/>
<Shininess>0.3125</Shininess>
</VisualProperties>
</Instance>
<Instance name="91255A578_Button Head Hex Drive Screw-1" uid="91255A578_Button Head Hex Drive Screw-1" entityUid="91255A578_Button Head Hex Drive Screw*:*91255A578">
<Transform>
<Rotation>0.84971582505801391 -0.5272409474291414 0 -0.52724094742914129 -0.84971582505801391 -1.1039213335426551e-16 0 1.0408340855860841e-16 -0.99999999999999989</Rotation>
<Translation>0.048171445798598944 -0.052070000000000005 -0.0081534000000000051</Translation>
</Transform>
<VisualProperties>
<Ambient r="0.75294117647058822" g="0.75294117647058822" b="0.75294117647058822" a="0.25"/>
<Diffuse r="0.75294117647058822" g="0.75294117647058822" b="0.75294117647058822" a="0.25"/>
<Specular r="0.22588235294117645" g="0.22588235294117645" b="0.22588235294117645" a="0.25"/>
<Emissive r="0" g="0" b="0" a="0.25"/>
<Shininess>0.3125</Shininess>
</VisualProperties>
</Instance>
<Instance name="99904A102_Medium-Strength Steel Serrated Flange Locknut (2)-6" uid="99904A102_Medium-Strength Steel Serrated Flange Locknut (2)-6" entityUid="99904A102_Medium-Strength Steel Serrated Flange Locknut (2)*:*99904A102">
<Transform>
<Rotation>1 0 0 0 1 0 0 0 1</Rotation>
<Translation>0.053974999999999773 0.28067000000000031 0.0071437500000000043</Translation>
</Transform>
</Instance>
<Instance name="99904A102_Medium-Strength Steel Serrated Flange Locknut (2)-9" uid="99904A102_Medium-Strength Steel Serrated Flange Locknut (2)-9" entityUid="99904A102_Medium-Strength Steel Serrated Flange Locknut (2)*:*99904A102">
<Transform>
<Rotation>1 0 0 0 1 0 0 0 1</Rotation>
<Translation>0.23867144579859895 -0.05206999999999995 0.0071437499999999765</Translation>
</Transform>
</Instance>
<Instance name="91255A578_Button Head Hex Drive Screw-5" uid="91255A578_Button Head Hex Drive Screw-5" entityUid="91255A578_Button Head Hex Drive Screw*:*91255A578">
<Transform>
<Rotation>0.84971582505801391 -0.5272409474291414 0 -0.52724094742914129 -0.84971582505801391 -1.073377454626452e-16 0 0 -0.99999999999999989</Rotation>
<Translation>0.14342144579859889 -0.052070000000000005 -0.0081534000000000328</Translation>
</Transform>
<VisualProperties>
<Ambient r="0.75294117647058822" g="0.75294117647058822" b="0.75294117647058822" a="0.25"/>
<Diffuse r="0.75294117647058822" g="0.75294117647058822" b="0.75294117647058822" a="0.25"/>
<Specular r="0.22588235294117645" g="0.22588235294117645" b="0.22588235294117645" a="0.25"/>
<Emissive r="0" g="0" b="0" a="0.25"/>
<Shininess>0.3125</Shininess>
</VisualProperties>
</Instance>
<Instance name="99904A102_Medium-Strength Steel Serrated Flange Locknut (2)-4" uid="99904A102_Medium-Strength Steel Serrated Flange Locknut (2)-4" entityUid="99904A102_Medium-Strength Steel Serrated Flange Locknut (2)*:*99904A102">
<Transform>
<Rotation>1 0 0 0 1 0 0 0 1</Rotation>
<Translation>0.048171445798598944 -0.05206999999999995 0.0071437499999999765</Translation>
</Transform>
</Instance>
<Instance name="2224304031-1" uid="2224304031-1" entityUid="2224304031*:*Default">
<Transform>
<Rotation>0.99999999999999989 3.532245168321522e-15 0 0 -2.8898663411936225e-14 0.99999999999999989 3.5322451683215208e-15 -0.99999999999999978 -2.8898663411936213e-14</Rotation>
<Translation>-0.0020320000000004224 0.17629787889171378 0.12293599999999485</Translation>
</Transform>
</Instance>
<Instance name="-10Bung-1" uid="-10Bung-1" entityUid="-10Bung*:*Default">
<Transform>
<Rotation>-3.4889262290286014e-15 1.3370575404764775e-16 -0.99999999999999989 0.040139400474393218 0.99919408951892663 0 0.99919408951892641 -0.040139400474393211 -3.4914813388431302e-15</Rotation>
<Translation>0.0022859999999996217 0.06667500000000004 0.10083799999999993</Translation>
</Transform>
</Instance>
<Instance name="-10Bung-2" uid="-10Bung-2" entityUid="-10Bung*:*Default">
<Transform>
<Rotation>-3.4722113178523678e-15 -3.663767804041001e-16 -0.99999999999999978 -0.10309826527938706 0.99467117566378749 0 0.99467117566378738 0.10309826527938705 -3.4914813388431247e-15</Rotation>
<Translation>0.0022859999999996217 0.20319999999999994 0.10083799999999993</Translation>
</Transform>
</Instance>
<Instance name="-10BungInverse-1" uid="-10BungInverse-1" entityUid="-10BungInverse*:*Default">
<Transform>
<Rotation>0.85735443435823877 0.51472650396716935 0 -0.51472650396716935 0.85735443435823877 0 0 0 0.99999999999999956</Rotation>
<Translation>0.2029459999999999 0.086359999999999881 -0.0063500000000000223</Translation>
</Transform>
</Instance>
</Instance>
<Instance name="Floor_Board_Support_23-1" uid="Floor_Board_Support_23-1" entityUid="Floor_Board_Support_23*:*Default">
<Transform>
<Rotation>1.0474444016529403e-14 0 -1 0 1 0 1 0 1.0474444016529403e-14</Rotation>
<Translation>-0.52981601681319135 -0.061945159288943487 -0.2861237798135926</Translation>
</Transform>
</Instance>
<Instance name="Steering_Shock_Tower_Assy-1" uid="Steering_Shock_Tower_Assy-1" entityUid="Steering_Shock_Tower_Assy" rigid="true">
<Transform>
<Rotation>-3.3764234648284499e-15 0.083851762870581825 -0.99647823953335568 2.8555790567805734e-16 0.99647823953335568 0.083851762870581825 1 0 -3.3884770439441033e-15</Rotation>
<Translation>0.68171160667625297 -0.10533228775976584 -0.2770000998135933</Translation>
</Transform>
<Instance name="Front_U_Bracket-1" uid="Front_U_Bracket-1" grounded="true" entityUid="Front_U_Bracket*:*Default">
<Transform>
<Rotation>1 0 0 0 1 0 0 0 1</Rotation>
<Translation>0 0 0</Translation>
</Transform>
<VisualProperties>
<Ambient r="0.96862745098039216" g="0.25882352941176467" b="0.25882352941176467" a="1"/>
<Diffuse r="0.77490196078431373" g="0.20705882352941174" b="0.20705882352941174" a="1"/>
<Specular r="0.29058823529411765" g="0.077647058823529402" b="0.077647058823529402" a="1"/>
<Emissive r="0" g="0" b="0" a="1"/>
<Shininess>0.3125</Shininess>
</VisualProperties>
</Instance>
<Instance name="Shock_Tower_Main-2" uid="Shock_Tower_Main-2" entityUid="Shock_Tower_Main*:*Default">
<Transform>
<Rotation>1 -2.5776786032320932e-16 -3.3851349484858668e-15 -1.7504408160562129e-16 0.99187225052489869 -0.12723772490371335 3.3904192157859904e-15 0.12723772490371335 0.99187225052489869</Rotation>
<Translation>-0.10333228000000083 0.054891158142220328 0.23843217561211816</Translation>
</Transform>
<VisualProperties>
<Ambient r="0.96862745098039216" g="0.25882352941176467" b="0.25882352941176467" a="1"/>
<Diffuse r="0.77490196078431373" g="0.20705882352941174" b="0.20705882352941174" a="1"/>
<Specular r="0.29058823529411765" g="0.077647058823529402" b="0.077647058823529402" a="1"/>
<Emissive r="0" g="0" b="0" a="1"/>
<Shininess>0.3125</Shininess>
</VisualProperties>
</Instance>
<Instance name="93560A150_Steel Hex Weld Nut-1" uid="93560A150_Steel Hex Weld Nut-1" entityUid="93560A150_Steel Hex Weld Nut*:*93560A150">
<Transform>
<Rotation>-3.4972025275692439e-15 3.8033812210791461e-16 1 0.040582396839610312 0.99917619520620704 -2.3809993693735667e-16 -0.99917619520620704 0.040582396839610312 -3.5097565479667827e-15</Rotation>
<Translation>-0.0030480000000008278 0.033268919999999993 0.243024660000001</Translation>
</Transform>
</Instance>
<Instance name="2224304012-1" uid="2224304012-1" entityUid="2224304012*:*Default">
<Transform>
<Rotation>1 1.2490009027032871e-16 0 0 -3.5804692544161298e-15 1.0000000000000002 1.2490009027033171e-16 -1.0000000000000002 -3.5804692544161298e-15</Rotation>
<Translation>0.15901415999999999 0.096408240000000076 0.036512499999999504</Translation>
</Transform>
</Instance>
<Instance name="2234255079-4" uid="2234255079-4" entityUid="2234255079*:*Default">
<Transform>
<Rotation>1 -2.0123410713954302e-16 3.4506271963004584e-15 6.3864848067900701e-16 0.9918722505248988 -0.12723772490371055 -3.3969767929514927e-15 0.12723772490371055 0.9918722505248988</Rotation>
<Translation>0.15901415999999907 0.19664196427133013 0.22781710908586716</Translation>
</Transform>
</Instance>
<Instance name="93560A150_Steel Hex Weld Nut-2" uid="93560A150_Steel Hex Weld Nut-2" entityUid="93560A150_Steel Hex Weld Nut*:*93560A150">
<Transform>
<Rotation>3.0987989354804908e-15 -1.3719324874364357e-15 1 -0.40340774930484491 -0.91502032097697139 0 0.91502032097697139 -0.40340774930484491 -3.3889121935413844e-15</Rotation>
<Translation>-0.0030480000000005503 0.11086084 0.15834360000000114</Translation>
</Transform>
</Instance>
<Instance name="93560A150_Steel Hex Weld Nut-3" uid="93560A150_Steel Hex Weld Nut-3" entityUid="93560A150_Steel Hex Weld Nut*:*93560A150">
<Transform>
<Rotation>-3.5980601430763973e-15 8.4705843475698567e-16 1 0.13827336211268809 0.99039410202709399 -3.4140580478878765e-16 -0.99039410202709399 0.13827336211268809 -3.6806231621213823e-15</Rotation>
<Translation>-0.0030480000000004392 0.006504939999999973 0.14535150000000119</Translation>
</Transform>
</Instance>
<Instance name="93560A150_Steel Hex Weld Nut-4" uid="93560A150_Steel Hex Weld Nut-4" entityUid="93560A150_Steel Hex Weld Nut*:*93560A150">
<Transform>
<Rotation>1.0713248357882619e-15 -3.2151231218791321e-15 1 -0.94822475931267614 -0.31760007214485597 0 0.31760007214485597 -0.94822475931267614 -3.3889121935413864e-15</Rotation>
<Translation>-0.0030480000000002172 0.10948161999999999 0.071574660000001122</Translation>
</Transform>
</Instance>
<Instance name="2234255080-1" uid="2234255080-1" entityUid="2234255080*:*Default">
<Transform>
<Rotation>1 0 0 0 1 0 0 0 1</Rotation>
<Translation>0.15901415999999993 0.023710899999999965 0.25604216000000113</Translation>
</Transform>
<VisualProperties>
<Ambient r="0.65098039215686276" g="0.61960784313725492" b="0.58823529411764708" a="1"/>
<Diffuse r="0.65098039215686276" g="0.61960784313725492" b="0.58823529411764708" a="1"/>
<Specular r="0.52078431372549028" g="0.49568627450980396" b="0.4705882352941177" a="1"/>
<Emissive r="0" g="0" b="0" a="1"/>
<Shininess>0.3125</Shininess>
</VisualProperties>
</Instance>
<Instance name="Shock_Tower_Main-1" uid="Shock_Tower_Main-1" entityUid="Shock_Tower_Main*:*Default">
<Transform>
<Rotation>1 4.4561280683649022e-16 -3.0040102245076057e-15 -8.2421440413345615e-16 0.99187225052489925 -0.12723772490370949 2.9228956222523393e-15 0.12723772490370949 0.99187225052489925</Rotation>
<Translation>-0.10333228000000072 0.059010749248799774 0.20939348379991851</Translation>
</Transform>
<VisualProperties>
<Ambient r="0.96862745098039216" g="0.25882352941176467" b="0.25882352941176467" a="1"/>
<Diffuse r="0.77490196078431373" g="0.20705882352941174" b="0.20705882352941174" a="1"/>
<Specular r="0.29058823529411765" g="0.077647058823529402" b="0.077647058823529402" a="1"/>
<Emissive r="0" g="0" b="0" a="1"/>
<Shininess>0.3125</Shininess>
</VisualProperties>
</Instance>
<Instance name="93560A150_Steel Hex Weld Nut-9" visible="false" uid="93560A150_Steel Hex Weld Nut-9" entityUid="93560A150_Steel Hex Weld Nut*:*93560A150">
<Transform>
<Rotation>3.0508255921405176e-15 1.362723291230779e-15 -0.99999999999999989 0.40340774930484485 -0.91502032097697117 0 -0.91502032097697117 -0.40340774930484485 -3.3413005484058738e-15</Rotation>
<Translation>0.32107632000000053 0.11086083999999995 0.15834360000000003</Translation>
</Transform>
</Instance>
<Instance name="93560A150_Steel Hex Weld Nut-12" visible="false" uid="93560A150_Steel Hex Weld Nut-12" entityUid="93560A150_Steel Hex Weld Nut*:*93560A150">
<Transform>
<Rotation>-3.5493950458149128e-15 -8.5129627317998344e-16 -1 -0.13827336211268809 0.99039410202709399 -3.5233202158415456e-16 0.99039410202709399 0.13827336211268809 -3.6330115169858784e-15</Rotation>
<Translation>0.32107632000000047 0.006504940000000306 0.14535150000000008</Translation>
</Transform>
</Instance>
<Instance name="93560A150_Steel Hex Weld Nut-10" visible="false" uid="93560A150_Steel Hex Weld Nut-10" entityUid="93560A150_Steel Hex Weld Nut*:*93560A150">
<Transform>
<Rotation>-3.4491866930692903e-15 -3.8932314315643188e-16 -1 -0.040582396839610305 0.99917619520620704 -2.4902615373272397e-16 0.99917619520620704 0.040582396839610305 -3.4621449028312717e-15</Rotation>
<Translation>0.3210763200000008 0.033268920000000105 0.24302465999999989</Translation>
</Transform>
</Instance>
<Instance name="93560A150_Steel Hex Weld Nut-11" visible="false" uid="93560A150_Steel Hex Weld Nut-11" entityUid="93560A150_Steel Hex Weld Nut*:*93560A150">
<Transform>
<Rotation>1.045842864567303e-15 3.1734467483725091e-15 -1.0000000000000002 0.94822475931267602 -0.31760007214485597 0 -0.31760007214485597 -0.94822475931267602 -3.341300548405875e-15</Rotation>
<Translation>0.32107632000000041 0.10948161999999932 0.071574660000000234</Translation>
</Transform>
</Instance>
</Instance>
<Instance name="95462A033_Medium-Strength Steel Hex Nut-6" uid="95462A033_Medium-Strength Steel Hex Nut-6" entityUid="95462A033_Medium-Strength Steel Hex Nut*:*95462A033">
<Transform>
<Rotation>-2.0436840622591531e-16 -0.043619387365325737 0.99904822158185813 0 0.99904822158185813 0.043619387365325737 -1 0 -2.0850464051399299e-16</Rotation>
<Translation>0.50127627526972107 0.02012764640683809 -0.32118593981213994</Translation>
</Transform>
</Instance>
<Instance name="95462A033_Medium-Strength Steel Hex Nut-1" uid="95462A033_Medium-Strength Steel Hex Nut-1" entityUid="95462A033_Medium-Strength Steel Hex Nut*:*95462A033">
<Transform>
<Rotation>0.034438053340818238 -0.026770719755383851 -0.99904822158185813 -0.78876109966265417 0.61315028884021106 -0.043619387365325765 0.61373442802327416 0.78951254065970622 0</Rotation>
<Translation>0.43147919760609854 -0.13546494902929537 0.085214060186420928</Translation>
</Transform>
</Instance>
<Instance name="99894A435_Mil. Spec. Medium-Strength Steel Hex Head Screw-5" uid="99894A435_Mil. Spec. Medium-Strength Steel Hex Head Screw-5" entityUid="99894A435_Mil. Spec. Medium-Strength Steel Hex Head Screw*:*99894A435">
<Transform>
<Rotation>0.99904822158185813 -0.04242820215523993 0.0101241600145618 0.043619387365325953 0.97176559480530067 -0.23188138734830313 -3.3915033089499498e-15 0.23210229730567997 0.97269138146969591</Rotation>
<Translation>0.39595304284664823 -0.13701605444400897 0.085214060186407911</Translation>
</Transform>
</Instance>
<Instance name="Front_BearingPlate_23-1" uid="Front_BearingPlate_23-1" entityUid="Front_BearingPlate_23*:*Default">
<Transform>
<Rotation>3.3511383631799115e-15 -1.4988010832439172e-15 1.0000000000000002 0 1.0000000000000002 1.4988010832439172e-15 -1 0 3.3511383631799107e-15</Rotation>
<Translation>-0.054576795340602002 -0.001740882319554618 -0.11798593981359315</Translation>
</Transform>
</Instance>
<Instance name="99894A435_Mil. Spec. Medium-Strength Steel Hex Head Screw-4" uid="99894A435_Mil. Spec. Medium-Strength Steel Hex Head Screw-4" entityUid="99894A435_Mil. Spec. Medium-Strength Steel Hex Head Screw*:*99894A435">
<Transform>
<Rotation>-0.99904822158185813 -0.043619387365327368 8.9630221538989046e-15 -0.043619387365327368 0.99904822158185813 -5.4060512961367634e-14 -6.5964048868213003e-15 -5.4400020867152248e-14 -1</Rotation>
<Translation>0.54345002466364734 -0.13057619714752514 -0.32118593981073162</Translation>
</Transform>
</Instance>
<Instance name="2234305120-1" uid="2234305120-1" grounded="true" entityUid="2234305120*:*Default">
<Transform>
<Rotation>1 0 0 0 1 0 0 0 1</Rotation>
<Translation>-0.60975729534060252 -0.10639988874405074 0.050151900186407306</Translation>
</Transform>
<VisualProperties>
<Ambient r="0.96862745098039216" g="0.25882352941176467" b="0.25882352941176467" a="1"/>
<Diffuse r="0.77490196078431373" g="0.20705882352941174" b="0.20705882352941174" a="1"/>
<Specular r="0.29058823529411765" g="0.077647058823529402" b="0.077647058823529402" a="1"/>
<Emissive r="0" g="0" b="0" a="1"/>
<Shininess>0.3125</Shininess>
</VisualProperties>
</Instance>
<Instance name="99894A435_Mil. Spec. Medium-Strength Steel Hex Head Screw-2" uid="99894A435_Mil. Spec. Medium-Strength Steel Hex Head Screw-2" entityUid="99894A435_Mil. Spec. Medium-Strength Steel Hex Head Screw*:*99894A435">
<Transform>
<Rotation>0.99904822158185813 0.029648905619883457 -0.03199364545764663 0.043619387365325862 -0.67907158308559257 0.73277495460168451 -3.5481242006041e-15 -0.7334730584289858 -0.67971852450762993</Rotation>
<Translation>0.38930544821537993 0.015238894519400928 -0.32118593981213939</Translation>
</Transform>
</Instance>
<Instance name="2234305121-1" uid="2234305121-1" entityUid="2234305121*:*Default">
<Transform>
<Rotation>1 0 0 0 1 0 0 0 1</Rotation>
<Translation>-0.60975729534060463 -0.10639988874405161 -0.28612377981359804</Translation>
</Transform>
<VisualProperties>
<Ambient r="0.96862745098039216" g="0.25882352941176467" b="0.25882352941176467" a="1"/>
<Diffuse r="0.77490196078431373" g="0.20705882352941174" b="0.20705882352941174" a="1"/>
<Specular r="0.29058823529411765" g="0.077647058823529402" b="0.077647058823529402" a="1"/>
<Emissive r="0" g="0" b="0" a="1"/>
<Shininess>0.3125</Shininess>
</VisualProperties>
</Instance>
<Instance name="2234105099-1" uid="2234105099-1" entityUid="2234105099*:*Default">
<Transform>
<Rotation>-3.4580563018588986e-15 1.998401444325281e-15 1 0 1 -1.998401444325281e-15 -1 0 -3.4580563018588986e-15</Rotation>
<Translation>-0.60672047182290523 -0.13384913049011932 -0.11798593981359271</Translation>
</Transform>
</Instance>
<Instance name="Right_FloorBoard_23-1" uid="Right_FloorBoard_23-1" entityUid="Right_FloorBoard_23*:*Default">
<Transform>
<Rotation>0 0.052335956242930387 0.99862953475457483 0 0.99862953475457483 -0.052335956242930387 -1 0 0</Rotation>
<Translation>-0.11153091844905982 0.0035468652541027906 0.045071900186407318</Translation>
</Transform>
<VisualProperties>
<Ambient r="0.96862745098039216" g="0.25882352941176467" b="0.25882352941176467" a="1"/>
<Diffuse r="0.77490196078431373" g="0.20705882352941174" b="0.20705882352941174" a="1"/>
<Specular r="0.29058823529411765" g="0.077647058823529402" b="0.077647058823529402" a="1"/>
<Emissive r="0" g="0" b="0" a="1"/>
<Shininess>0.3125</Shininess>
</VisualProperties>
</Instance>
<Instance name="Floor_Board_Support_Right_23-1" uid="Floor_Board_Support_Right_23-1" entityUid="Floor_Board_Support_Right_23*:*Default">
<Transform>
<Rotation>1.0474444016529403e-14 0 -1 0 1 0 1 0 1.0474444016529403e-14</Rotation>
<Translation>-0.52981601681318469 -0.061945159288979909 0.045071900186412855</Translation>
</Transform>
<VisualProperties>
<Ambient r="0.96862745098039216" g="0.25882352941176467" b="0.25882352941176467" a="1"/>
<Diffuse r="0.77490196078431373" g="0.20705882352941174" b="0.20705882352941174" a="1"/>
<Specular r="0.29058823529411765" g="0.077647058823529402" b="0.077647058823529402" a="1"/>
<Emissive r="0" g="0" b="0" a="1"/>
<Shininess>0.3125</Shininess>
</VisualProperties>
</Instance>
<Instance name="99894A435_Mil. Spec. Medium-Strength Steel Hex Head Screw-6" uid="99894A435_Mil. Spec. Medium-Strength Steel Hex Head Screw-6" entityUid="99894A435_Mil. Spec. Medium-Strength Steel Hex Head Screw*:*99894A435">
<Transform>
<Rotation>-0.99904822158185824 -0.043619386699684244 7.6203499005728737e-06 -0.043619387365325564 0.99904820633616553 -0.00017453470764942786 5.655425657852942e-15 -0.00017470098427564286 -0.99999998473978302</Rotation>
<Translation>0.5434500246604399 -0.13057619714186031 0.085214060186410062</Translation>
</Transform>
</Instance>
<Instance name="nhfv b-1" uid="nhfv b-1" entityUid="nhfv b">
<Transform>
<Rotation>0.99904822158185846 -0.043619387365325744 1.0756155755707505e-12 0.043619387365325744 0.99904822158185846 -2.4635646962959278e-11 0 2.4659116978309967e-11 1</Rotation>
<Translation>0.49249975121079581 -0.054000705597419991 0.22644743685728264</Translation>
</Transform>
<Instance name="Cylinder-2" uid="Cylinder-2" entityUid="Cylinder">
<Transform>
<Rotation>-6.983129352544637e-15 1.0477729794899915e-15 1 0.15981755317928686 0.98714656951021507 0 -0.98714656951021518 0.15981755317928686 -7.0607786555585291e-15</Rotation>
<Translation>-0.026479395946349849 0.055073217633396655 -0.62175240567097911</Translation>
</Transform>
<Instance name="Cylinder-1" uid="Cylinder-1" grounded="true" entityUid="Cylinder*:*Default">
<Transform>
<Rotation>1 0 0 0 1 0 0 0 1</Rotation>
<Translation>0 0 0</Translation>
</Transform>
</Instance>
<Instance name="Rod-1" uid="Rod-1" entityUid="Rod*:*Default">
<Transform>
<Rotation>-1.0000000000000002 0 -9.8454230879063687e-15 1.1102230246251565e-16 -1 2.9976021664879227e-15 -9.8488925348583223e-15 2.9490299091605721e-15 1</Rotation>
<Translation>0 0.093815823202623813 0</Translation>
</Transform>
</Instance>
</Instance>
<Instance name="18in Trailer Tire-1" uid="18in Trailer Tire-1" entityUid="18in Trailer Tire*:*Default">
<Transform>
<Rotation>-0.0058414241749901027 0.92131470543436622 -0.38877383054160758 0.011766089941096847 -0.38869022543859344 -0.92129336683598961 -0.99991371472297852 -0.0099560132021910743 -0.0085697672087365478</Rotation>
<Translation>-0.026621484595915401 -0.056192368105667155 -0.80145778177756288</Translation>
</Transform>
</Instance>
<Instance name="Frame_Mount-1" uid="Frame_Mount-1" grounded="true" entityUid="Frame_Mount*:*Default">
<Transform>
<Rotation>1 0 0 0 1 2.4659116978308762e-11 0 -2.4659116978308755e-11 1</Rotation>
<Translation>-0.026257145949390548 -0.0025250283624683595 -0.17312053667081306</Translation>
</Transform>
<VisualProperties>
<Ambient r="0.65098039215686276" g="0.61960784313725492" b="0.58823529411764708" a="1"/>
<Diffuse r="0.65098039215686276" g="0.61960784313725492" b="0.58823529411764708" a="1"/>
<Specular r="0.52078431372549028" g="0.49568627450980396" b="0.4705882352941177" a="1"/>
<Emissive r="0" g="0" b="0" a="1"/>
<Shininess>0.3125</Shininess>
</VisualProperties>
</Instance>
